56	56	0
50	50	0
60	60	0
61	61	0
62	62	0
63	63	0
64	64	0
53	53	0
82	82	0
83	83	0
80	80	0
52	52	0
86	86	0
87	87	0
84	84	0
85	85	0
24	24	0
25	25	0
81	81	0
20	20	0
21	21	0
22	22	0
23	23	0
46	46	0
47	47	0
44	44	0
45	45	0
42	42	0
43	43	0
40	40	0
41	41	0
1	1	0
73	73	0
72	72	0
71	71	0
70	70	0
48	48	0
33	33	0
32	32	0
31	31	0
30	30	0
51	51	0
36	36	0
35	35	0
34	34	0
55	55	0
54	54	0
35	34	3.612812439
34	35	3.612812439
52	51	3.645325328
51	52	3.645325328
53	52	3.749105194
52	53	3.749105194
71	70	3.787119127
70	71	3.787119127
61	63	3.789982491
63	61	3.789982491
53	55	3.895728889
55	53	3.895728889
80	81	3.913066488
81	80	3.913066488
42	43	3.919418981
43	42	3.919418981
73	72	3.926223845
72	73	3.926223845
82	81	3.983890991
81	82	3.983890991
62	71	3.991623047
71	62	3.991623047
36	35	4.032339364
35	36	4.032339364
24	22	4.064977698
22	24	4.064977698
33	35	4.112803564
35	33	4.112803564
50	55	4.123898371
55	50	4.123898371
82	83	4.128808995
83	82	4.128808995
83	85	4.132346965
85	83	4.132346965
44	36	4.143953168
36	44	4.143953168
46	51	4.145786326
51	46	4.145786326
47	44	4.157586171
44	47	4.157586171
46	48	4.188866001
48	46	4.188866001
33	31	4.213953698
31	33	4.213953698
53	54	4.217023449
54	53	4.217023449
52	55	4.256537552
55	52	4.256537552
40	32	4.258231318
32	40	4.258231318
33	32	4.265590454
32	33	4.265590454
33	36	4.266762131
36	33	4.266762131
46	43	4.278272334
43	46	4.278272334
31	30	4.285283565
30	31	4.285283565
42	41	4.297911875
41	42	4.297911875
31	35	4.298337188
35	31	4.298337188
56	55	4.30367633
55	56	4.30367633
44	33	4.330075872
33	44	4.330075872
32	31	4.334463736
31	32	4.334463736
53	51	4.343959812
51	53	4.343959812
20	21	4.361873546
21	20	4.361873546
52	54	4.374231941
54	52	4.374231941
36	34	4.40078731
34	36	4.40078731
44	45	4.445974873
45	44	4.445974873
51	55	4.463094358
55	51	4.463094358
43	51	4.468673056
51	43	4.468673056
60	62	4.476631016
62	60	4.476631016
84	85	4.481827826
85	84	4.481827826
83	84	4.48351539
84	83	4.48351539
31	34	4.511525345
34	31	4.511525345
47	36	4.532576853
36	47	4.532576853
82	80	4.538122
80	82	4.538122
50	51	4.541743617
51	50	4.541743617
45	41	4.560212071
41	45	4.560212071
47	48	4.565766797
48	47	4.565766797
62	70	4.567235856
70	62	4.567235856
62	63	4.577141427
63	62	4.577141427
33	34	4.579261925
34	33	4.579261925
21	23	4.587822572
23	21	4.587822572
46	42	4.589082728
42	46	4.589082728
45	32	4.593492003
32	45	4.593492003
64	72	4.594452704
72	64	4.594452704
25	30	4.595195968
30	25	4.595195968
56	53	4.605883306
53	56	4.605883306
45	33	4.609723692
33	45	4.609723692
62	54	4.612853271
54	62	4.612853271
52	46	4.615298868
46	52	4.615298868
73	70	4.618242215
70	73	4.618242215
25	40	4.627511517
40	25	4.627511517
83	81	4.630492745
81	83	4.630492745
50	52	4.6344582
52	50	4.6344582
50	53	4.64250245
53	50	4.64250245
60	54	4.646970507
54	60	4.646970507
44	35	4.660054661
35	44	4.660054661
50	48	4.667294296
48	50	4.667294296
73	71	4.667977961
71	73	4.667977961
48	51	4.672928121
51	48	4.672928121
25	31	4.677342804
31	25	4.677342804
52	43	4.689662846
43	52	4.689662846
25	32	4.699322278
32	25	4.699322278
63	72	4.73475582
72	63	4.73475582
56	50	4.741106822
50	56	4.741106822
56	70	4.748923795
70	56	4.748923795
51	54	4.749349912
54	51	4.749349912
55	54	4.759115572
54	55	4.759115572
63	64	4.759649316
64	63	4.759649316
64	84	4.775400193
84	64	4.775400193
30	34	4.778669056
34	30	4.778669056
31	36	4.786020164
36	31	4.786020164
63	71	4.790388991
71	63	4.790388991
50	46	4.792369319
46	50	4.792369319
83	80	4.793154013
80	83	4.793154013
43	41	4.804567727
41	43	4.804567727
20	23	4.809810536
23	20	4.809810536
32	35	4.810502034
35	32	4.810502034
82	85	4.816465113
85	82	4.816465113
72	71	4.816911857
71	72	4.816911857
30	35	4.817754532
35	30	4.817754532
44	48	4.819742181
48	44	4.819742181
60	61	4.830847202
61	60	4.830847202
24	23	4.834974468
23	24	4.834974468
61	62	4.838242779
62	61	4.838242779
71	54	4.840252143
54	71	4.840252143
60	63	4.843008595
63	60	4.843008595
80	84	4.863987922
84	80	4.863987922
44	32	4.865357636
32	44	4.865357636
61	64	4.869247803
64	61	4.869247803
86	85	4.891472038
85	86	4.891472038
45	40	4.894303426
40	45	4.894303426
42	51	4.894504607
51	42	4.894504607
22	23	4.895288465
23	22	4.895288465
82	84	4.897206873
84	82	4.897206873
47	45	4.901445396
45	47	4.901445396
40	31	4.902229971
31	40	4.902229971
72	70	4.905205914
70	72	4.905205914
45	42	4.905587767
42	45	4.905587767
45	48	4.907494724
48	45	4.907494724
47	33	4.916995723
33	47	4.916995723
84	72	4.919623626
72	84	4.919623626
56	52	4.921282303
52	56	4.921282303
32	30	4.922037877
30	32	4.922037877
43	48	4.92227893
48	43	4.92227893
45	36	4.931453973
36	45	4.931453973
44	34	4.93357967
34	44	4.93357967
33	30	4.936602911
30	33	4.936602911
53	46	4.940819826
46	53	4.940819826
46	45	4.942074757
45	46	4.942074757
46	55	4.943948488
55	46	4.943948488
24	25	4.945516573
25	24	4.945516573
64	80	4.951343054
80	64	4.951343054
40	33	4.953174496
33	40	4.953174496
60	71	4.954198641
71	60	4.954198641
40	41	4.957400534
41	40	4.957400534
32	36	4.958043641
36	32	4.958043641
52	48	4.96205774
48	52	4.96205774
44	31	4.962877913
31	44	4.962877913
70	54	4.979492451
54	70	4.979492451
46	41	4.980520179
41	46	4.980520179
84	81	4.980561815
81	84	4.980561815
63	73	4.981202064
73	63	4.981202064
56	71	4.981273286
71	56	4.981273286
62	53	4.990265218
53	62	4.990265218
21	22	4.991590871
22	21	4.991590871
53	70	4.997227468
70	53	4.997227468
62	73	4.999048519
73	62	4.999048519
47	35	5.00100394
35	47	5.00100394
53	71	5.006290743
71	53	5.006290743
62	72	5.006911736
72	62	5.006911736
64	73	5.00722772
73	64	5.00722772
56	54	5.011213484
54	56	5.011213484
53	43	5.015045676
43	53	5.015045676
48	55	5.027405873
55	48	5.027405873
61	72	5.032519158
72	61	5.032519158
32	34	5.034468734
34	32	5.034468734
42	48	5.037732693
48	42	5.037732693
43	54	5.041608244
54	43	5.041608244
41	32	5.043966613
32	41	5.043966613
45	31	5.046653152
31	45	5.046653152
46	47	5.052101919
47	46	5.052101919
45	35	5.064269126
35	45	5.064269126
52	42	5.066592047
42	52	5.066592047
61	71	5.072510181
71	61	5.072510181
25	33	5.072980038
33	25	5.072980038
56	51	5.075033174
51	56	5.075033174
63	70	5.077346975
70	63	5.077346975
70	55	5.080600227
55	70	5.080600227
83	86	5.086145842
86	83	5.086145842
45	43	5.099751222
43	45	5.099751222
85	81	5.100280555
81	85	5.100280555
46	44	5.110191613
44	46	5.110191613
84	73	5.112335796
73	84	5.112335796
25	22	5.134341701
22	25	5.134341701
50	54	5.138226688
54	50	5.138226688
60	53	5.145001592
53	60	5.145001592
53	48	5.147201942
48	53	5.147201942
43	55	5.152853585
55	43	5.152853585
47	34	5.157618502
34	47	5.157618502
46	54	5.160057992
54	46	5.160057992
71	55	5.16293619
55	71	5.16293619
40	30	5.164432307
30	40	5.164432307
80	85	5.164657748
85	80	5.164657748
62	52	5.164930486
52	62	5.164930486
24	21	5.170622423
21	24	5.170622423
50	43	5.170939516
43	50	5.170939516
56	62	5.17444377
62	56	5.17444377
48	36	5.186642779
36	48	5.186642779
30	36	5.186950893
36	30	5.186950893
44	41	5.189239683
41	44	5.189239683
60	52	5.192831471
52	60	5.192831471
41	48	5.194202004
48	41	5.194202004
50	47	5.194765547
47	50	5.194765547
25	35	5.19878534
35	25	5.19878534
60	70	5.203411582
70	60	5.203411582
62	55	5.218646796
55	62	5.218646796
52	71	5.226954426
71	52	5.226954426
64	81	5.228091421
81	64	5.228091421
41	33	5.23805359
33	41	5.23805359
61	73	5.241284733
73	61	5.241284733
52	70	5.242355867
70	52	5.242355867
64	83	5.249766907
83	64	5.249766907
44	40	5.254113906
40	44	5.254113906
40	35	5.259051991
35	40	5.259051991
63	54	5.260305759
54	63	5.260305759
47	32	5.265799234
32	47	5.265799234
25	34	5.268674024
34	25	5.268674024
45	34	5.274712371
34	45	5.274712371
82	86	5.274744645
86	82	5.274744645
48	33	5.275211034
33	48	5.275211034
41	51	5.280370017
51	41	5.280370017
64	71	5.29488355
71	64	5.29488355
24	40	5.299433585
40	24	5.299433585
53	42	5.302068628
42	53	5.302068628
47	31	5.303370229
31	47	5.303370229
61	70	5.305667905
70	61	5.305667905
62	64	5.305926698
64	62	5.305926698
42	54	5.313660566
54	42	5.313660566
47	51	5.313766109
51	47	5.313766109
45	51	5.313780451
51	45	5.313780451
44	42	5.314146423
42	44	5.314146423
64	85	5.331393487
85	64	5.331393487
25	45	5.334988016
45	25	5.334988016
64	82	5.337861672
82	64	5.337861672
56	73	5.344255579
73	56	5.344255579
61	54	5.349251279
54	61	5.349251279
60	51	5.356232628
51	60	5.356232628
40	36	5.357949701
36	40	5.357949701
85	72	5.3602577
72	85	5.3602577
62	51	5.361344729
51	62	5.361344729
44	30	5.361540254
30	44	5.361540254
56	46	5.365963346
46	56	5.365963346
42	40	5.370854426
40	42	5.370854426
50	42	5.373741152
42	50	5.373741152
44	43	5.378878228
43	44	5.378878228
24	30	5.380356849
30	24	5.380356849
42	32	5.386191826
32	42	5.386191826
20	22	5.386251329
22	20	5.386251329
47	41	5.386930422
41	47	5.386930422
50	70	5.387418046
70	50	5.387418046
56	48	5.388316877
48	56	5.388316877
60	55	5.391210372
55	60	5.391210372
42	55	5.394857136
55	42	5.394857136
60	43	5.395861536
43	60	5.395861536
40	34	5.397399562
34	40	5.397399562
60	72	5.399320961
72	60	5.399320961
86	84	5.399867356
84	86	5.399867356
63	84	5.400304211
84	63	5.400304211
47	43	5.400598442
43	47	5.400598442
48	54	5.402649501
54	48	5.402649501
47	42	5.404830708
42	47	5.404830708
80	72	5.410458439
72	80	5.410458439
64	70	5.411040259
70	64	5.411040259
44	51	5.411089269
51	44	5.411089269
71	51	5.412284763
51	71	5.412284763
25	36	5.413093202
36	25	5.413093202
22	30	5.413126185
30	22	5.413126185
70	51	5.416162802
51	70	5.416162802
83	72	5.418181839
72	83	5.418181839
50	44	5.418191616
44	50	5.418191616
46	33	5.418529332
33	46	5.418529332
52	41	5.422931483
41	52	5.422931483
45	30	5.423306603
30	45	5.423306603
46	36	5.425433694
36	46	5.425433694
48	32	5.428561656
32	48	5.428561656
85	73	5.43069899
73	85	5.43069899
41	31	5.431979743
31	41	5.431979743
48	35	5.432643412
35	48	5.432643412
60	73	5.443322291
73	60	5.443322291
25	44	5.447713126
44	25	5.447713126
73	54	5.450794506
54	73	5.450794506
41	36	5.455827637
36	41	5.455827637
24	20	5.461056658
20	24	5.461056658
42	33	5.461689776
33	42	5.461689776
50	71	5.462871962
71	50	5.462871962
47	55	5.469528073
55	47	5.469528073
56	60	5.472380408
60	56	5.472380408
52	47	5.474048584
47	52	5.474048584
46	32	5.476028279
32	46	5.476028279
50	45	5.479910344
45	50	5.479910344
52	45	5.482585509
45	52	5.482585509
24	32	5.486235444
32	24	5.486235444
25	41	5.488565785
41	25	5.488565785
60	64	5.494614962
64	60	5.494614962
63	53	5.497600811
53	63	5.497600811
56	43	5.499171667
43	56	5.499171667
61	84	5.501686304
84	61	5.501686304
72	54	5.503448588
54	72	5.503448588
50	62	5.505901588
62	50	5.505901588
24	31	5.509867273
31	24	5.509867273
22	40	5.50988526
40	22	5.50988526
53	73	5.513064208
73	53	5.513064208
86	81	5.516692086
81	86	5.516692086
41	35	5.517248225
35	41	5.517248225
56	72	5.518355502
72	56	5.518355502
83	73	5.532927851
73	83	5.532927851
47	40	5.535987437
40	47	5.535987437
62	43	5.536137762
43	62	5.536137762
63	80	5.538685735
80	63	5.538685735
61	80	5.544479898
80	61	5.544479898
43	32	5.546038851
32	43	5.546038851
60	42	5.557369305
42	60	5.557369305
48	34	5.559750962
34	48	5.559750962
81	72	5.561125383
72	81	5.561125383
84	71	5.561950823
71	84	5.561950823
43	40	5.564610667
40	43	5.564610667
52	44	5.567629644
44	52	5.567629644
73	55	5.568042123
55	73	5.568042123
43	33	5.569201791
33	43	5.569201791
60	46	5.570461306
46	60	5.570461306
48	31	5.571543258
31	48	5.571543258
46	40	5.572802993
40	46	5.572802993
25	23	5.576449332
23	25	5.576449332
53	47	5.577757475
47	53	5.577757475
56	63	5.578953736
63	56	5.578953736
82	72	5.578978248
72	82	5.578978248
42	36	5.579519567
36	42	5.579519567
50	41	5.582056663
41	50	5.582056663
84	70	5.584343344
70	84	5.584343344
47	30	5.588700002
30	47	5.588700002
80	73	5.592234199
73	80	5.592234199
40	48	5.593432804
48	40	5.593432804
61	53	5.593823327
53	61	5.593823327
53	41	5.594805275
41	53	5.594805275
22	31	5.594841085
31	22	5.594841085
63	52	5.599018602
52	63	5.599018602
46	35	5.599168552
35	46	5.599168552
50	36	5.607686234
36	50	5.607686234
53	72	5.608286505
72	53	5.608286505
62	46	5.612652762
46	62	5.612652762
50	60	5.615595324
60	50	5.615595324
45	55	5.620493931
55	45	5.620493931
44	55	5.621122133
55	44	5.621122133
41	54	5.621599563
54	41	5.621599563
22	32	5.627865646
32	22	5.627865646
80	86	5.633526161
86	80	5.633526161
43	36	5.634184161
36	43	5.634184161
20	1	5.634433771
1	20	5.634433771
53	45	5.634594667
45	53	5.634594667
43	71	5.635007587
71	43	5.635007587
63	55	5.63965697
55	63	5.63965697
41	55	5.641992555
55	41	5.641992555
51	36	5.645741798
36	51	5.645741798
62	84	5.648060961
84	62	5.648060961
41	34	5.6548519
34	41	5.6548519
42	31	5.658405561
31	42	5.658405561
46	71	5.660197647
71	46	5.660197647
33	51	5.661052399
51	33	5.661052399
46	70	5.662108952
70	46	5.662108952
52	73	5.662406253
73	52	5.662406253
46	31	5.668393777
31	46	5.668393777
61	52	5.669054781
52	61	5.669054781
43	70	5.675407836
70	43	5.675407836
41	30	5.677585723
30	41	5.677585723
42	35	5.678558618
35	42	5.678558618
56	42	5.679965874
42	56	5.679965874
72	55	5.683124406
55	72	5.683124406
56	47	5.683192902
47	56	5.683192902
53	44	5.685514814
44	53	5.685514814
25	47	5.68782478
47	25	5.68782478
82	73	5.700992582
73	82	5.700992582
24	33	5.701345635
33	24	5.701345635
50	33	5.702842609
33	50	5.702842609
62	42	5.705062674
42	62	5.705062674
56	61	5.706588846
61	56	5.706588846
81	73	5.706966513
73	81	5.706966513
63	81	5.70908697
81	63	5.70908697
32	51	5.710158439
51	32	5.710158439
64	54	5.71041913
54	64	5.71041913
63	83	5.713659618
83	63	5.713659618
23	40	5.717081415
40	23	5.717081415
46	34	5.718584085
34	46	5.718584085
61	81	5.720612123
81	61	5.720612123
63	51	5.72863659
51	63	5.72863659
63	85	5.729955283
85	63	5.729955283
45	54	5.732469436
54	45	5.732469436
52	72	5.735763664
72	52	5.735763664
61	55	5.736045808
55	61	5.736045808
70	48	5.744523233
48	70	5.744523233
25	21	5.745207059
21	25	5.745207059
25	42	5.746194009
42	25	5.746194009
43	35	5.752646274
35	43	5.752646274
62	48	5.758336948
48	62	5.758336948
47	54	5.761237967
54	47	5.761237967
50	73	5.763417782
73	50	5.763417782
60	48	5.763467668
48	60	5.763467668
43	31	5.766403437
31	43	5.766403437
24	35	5.769249978
35	24	5.769249978
52	36	5.769747317
36	52	5.769747317
71	48	5.770049382
48	71	5.770049382
61	83	5.770645711
83	61	5.770645711
40	51	5.778828967
51	40	5.778828967
63	82	5.782914023
82	63	5.782914023
73	51	5.782915212
51	73	5.782915212
61	51	5.78597176
51	61	5.78597176
52	33	5.786105315
33	52	5.786105315
50	35	5.788290606
35	50	5.788290606
36	55	5.792320226
55	36	5.792320226
22	33	5.79363438
33	22	5.79363438
85	70	5.796079462
70	85	5.796079462
42	71	5.796598194
71	42	5.796598194
24	34	5.796797616
34	24	5.796797616
51	35	5.797231899
35	51	5.797231899
42	34	5.797601413
34	42	5.797601413
60	41	5.800494788
41	60	5.800494788
24	45	5.8009499
45	24	5.8009499
85	71	5.804207601
71	85	5.804207601
61	85	5.808932202
85	61	5.808932202
50	32	5.811523353
32	50	5.811523353
61	82	5.813156703
82	61	5.813156703
48	30	5.813222457
30	48	5.813222457
24	41	5.813988991
41	24	5.813988991
25	48	5.821812493
48	25	5.821812493
63	43	5.822069284
43	63	5.822069284
80	71	5.823919054
71	80	5.823919054
44	54	5.825242992
54	44	5.825242992
52	32	5.826376492
32	52	5.826376492
64	86	5.826436916
86	64	5.826436916
56	64	5.826650601
64	56	5.826650601
22	35	5.827505899
35	22	5.827505899
56	44	5.828690961
44	56	5.828690961
86	72	5.832380393
72	86	5.832380393
42	70	5.834198243
70	42	5.834198243
22	34	5.83567752
34	22	5.83567752
23	30	5.836353248
30	23	5.836353248
62	80	5.83730338
80	62	5.83730338
50	63	5.837783478
63	50	5.837783478
64	53	5.841400762
53	64	5.841400762
61	43	5.843654383
43	61	5.843654383
60	84	5.844640635
84	60	5.844640635
25	46	5.848938569
46	25	5.848938569
56	45	5.851049661
45	56	5.851049661
72	51	5.851394333
51	72	5.851394333
33	55	5.85140392
55	33	5.85140392
86	73	5.853153529
73	86	5.853153529
83	71	5.854712529
71	83	5.854712529
53	36	5.860226918
36	53	5.860226918
43	34	5.861571104
34	43	5.861571104
31	51	5.86425411
51	31	5.86425411
21	1	5.865927416
1	21	5.865927416
50	72	5.86665576
72	50	5.86665576
83	70	5.868704349
70	83	5.868704349
50	34	5.868807259
34	50	5.868807259
42	30	5.871429936
30	42	5.871429936
56	41	5.87465405
41	56	5.87465405
25	43	5.875521775
43	25	5.875521775
23	32	5.877685963
32	23	5.877685963
80	70	5.880056485
70	80	5.880056485
52	40	5.880401633
40	52	5.880401633
53	33	5.89054873
33	53	5.89054873
46	30	5.891934179
30	46	5.891934179
62	85	5.892254093
85	62	5.892254093
51	34	5.893045567
34	51	5.893045567
24	36	5.899534914
36	24	5.899534914
63	46	5.904301753
46	63	5.904301753
50	31	5.906290004
31	50	5.906290004
52	35	5.906445961
35	52	5.906445961
24	44	5.912151538
44	24	5.912151538
50	61	5.91538275
61	50	5.91538275
21	30	5.916393986
30	21	5.916393986
62	83	5.916904362
83	62	5.916904362
23	31	5.917605794
31	23	5.917605794
50	40	5.918711437
40	50	5.918711437
22	45	5.920133523
45	22	5.920133523
64	55	5.92378918
55	64	5.92378918
32	55	5.923897733
55	32	5.923897733
62	41	5.924069583
41	62	5.924069583
21	40	5.925986569
40	21	5.925986569
56	84	5.927183101
84	56	5.927183101
25	20	5.92883293
20	25	5.92883293
64	52	5.929355341
52	64	5.929355341
60	80	5.935560223
80	60	5.935560223
53	32	5.936955561
32	53	5.936955561
81	71	5.937580434
71	81	5.937580434
35	55	5.940203354
55	35	5.940203354
63	42	5.941755168
42	63	5.941755168
61	46	5.94456354
46	61	5.94456354
84	54	5.945201381
54	84	5.945201381
60	45	5.951432823
45	60	5.951432823
61	42	5.951831258
42	61	5.951831258
43	73	5.95534759
73	43	5.95534759
22	41	5.956009636
41	22	5.956009636
56	36	5.957266707
36	56	5.957266707
62	81	5.959572222
81	62	5.959572222
82	71	5.960146505
71	82	5.960146505
46	73	5.960389709
73	46	5.960389709
22	36	5.963184326
36	22	5.963184326
43	30	5.965738187
30	43	5.965738187
52	31	5.967202043
31	52	5.967202043
23	1	5.971089884
1	23	5.971089884
81	70	5.979153185
70	81	5.979153185
47	70	5.98614889
70	47	5.98614889
82	70	5.986413467
70	82	5.986413467
36	54	5.987744472
54	36	5.987744472
33	54	5.989998336
54	33	5.989998336
53	40	5.990790125
40	53	5.990790125
53	35	5.991657597
35	53	5.991657597
43	72	5.992099426
72	43	5.992099426
52	34	5.992119681
34	52	5.992119681
22	44	5.996039063
44	22	5.996039063
41	71	5.996652601
71	41	5.996652601
40	55	5.999381897
55	40	5.999381897
62	82	5.999419851
82	62	5.999419851
32	54	6.005749323
54	32	6.005749323
24	42	6.012056124
42	24	6.012056124
53	84	6.013457558
84	53	6.013457558
34	55	6.014405711
55	34	6.014405711
25	51	6.014834593
51	25	6.014834593
62	45	6.014918657
45	62	6.014918657
47	71	6.017689773
71	47	6.017689773
46	72	6.017997187
72	46	6.017997187
62	47	6.01835273
47	62	6.01835273
63	48	6.022943017
48	63	6.022943017
41	70	6.023679554
70	41	6.023679554
56	33	6.0251604
33	56	6.0251604
73	48	6.025331943
48	73	6.025331943
64	51	6.026113103
51	64	6.026113103
60	47	6.027129681
47	60	6.027129681
31	55	6.028030377
55	31	6.028030377
21	31	6.029091369
31	21	6.029091369
40	54	6.029716768
54	40	6.029716768
21	32	6.033243942
32	21	6.033243942
23	33	6.039976556
33	23	6.039976556
23	41	6.044642658
41	23	6.044642658
30	51	6.051656612
51	30	6.051656612
20	40	6.052692391
40	20	6.052692391
45	71	6.055754755
71	45	6.055754755
60	81	6.055811629
81	60	6.055811629
84	55	6.056927332
55	84	6.056927332
53	31	6.057532533
31	53	6.057532533
45	70	6.058583954
70	45	6.058583954
60	44	6.058628323
44	60	6.058628323
56	85	6.060184483
85	56	6.060184483
60	83	6.061438547
83	60	6.061438547
60	85	6.062883773
85	60	6.062883773
53	34	6.067644758
34	53	6.067644758
61	48	6.069415507
48	61	6.069415507
24	47	6.071237147
47	24	6.071237147
50	64	6.075524612
64	50	6.075524612
42	73	6.075920016
73	42	6.075920016
44	70	6.078567389
70	44	6.078567389
62	44	6.07953923
44	62	6.07953923
23	45	6.081166362
45	23	6.081166362
50	30	6.083086497
30	50	6.083086497
63	86	6.088296586
86	63	6.088296586
56	35	6.088749676
35	56	6.088749676
20	30	6.092027605
30	20	6.092027605
72	48	6.09355412
48	72	6.09355412
80	54	6.093967797
54	80	6.093967797
44	71	6.09528437
71	44	6.09528437
50	25	6.095693394
25	50	6.095693394
35	54	6.095702501
54	35	6.095702501
56	32	6.096894269
32	56	6.096894269
23	35	6.098078966
35	23	6.098078966
86	70	6.098512821
70	86	6.098512821
52	25	6.100319113
25	52	6.100319113
52	84	6.101562009
84	52	6.101562009
42	72	6.105291565
72	42	6.105291565
60	82	6.11245275
82	60	6.11245275
64	43	6.113558285
43	64	6.113558285
63	41	6.116634022
41	63	6.116634022
86	71	6.119198397
71	86	6.119198397
23	34	6.120246242
34	23	6.120246242
61	41	6.121678675
41	61	6.121678675
24	43	6.124294419
43	24	6.124294419
85	54	6.124650638
54	85	6.124650638
22	42	6.130383763
42	22	6.130383763
56	83	6.132452254
83	56	6.132452254
31	54	6.136158945
54	31	6.136158945
52	30	6.137711419
30	52	6.137711419
24	46	6.138576233
46	24	6.138576233
22	47	6.140996572
47	22	6.140996572
24	48	6.143030445
48	24	6.143030445
61	86	6.145041939
86	61	6.145041939
56	34	6.147680853
34	56	6.147680853
83	54	6.152866633
54	83	6.152866633
21	33	6.157656432
33	21	6.157656432
60	40	6.158220217
40	60	6.158220217
56	80	6.158640493
80	56	6.158640493
20	32	6.16303324
32	20	6.16303324
64	46	6.164093561
46	64	6.164093561
60	32	6.165312524
32	60	6.165312524
53	85	6.1658745
85	53	6.1658745
56	40	6.166052466
40	56	6.166052466
34	54	6.16871322
54	34	6.16871322
60	33	6.176200243
33	60	6.176200243
56	31	6.17647014
31	56	6.17647014
20	31	6.176535121
31	20	6.176535121
25	55	6.180728793
55	25	6.180728793
50	84	6.182845501
84	50	6.182845501
84	51	6.182962813
51	84	6.182962813
53	80	6.184350542
80	53	6.184350542
21	35	6.187162035
35	21	6.187162035
53	25	6.187172823
25	53	6.187172823
23	44	6.187593997
44	23	6.187593997
30	55	6.188299267
55	30	6.188299267
23	36	6.189416238
36	23	6.189416238
85	55	6.190401553
55	85	6.190401553
81	54	6.190591971
54	81	6.190591971
70	36	6.191628409
36	70	6.191628409
21	34	6.193118468
34	21	6.193118468
60	36	6.193659489
36	60	6.193659489
62	86	6.193988463
86	62	6.193988463
23	42	6.198914676
42	23	6.198914676
62	36	6.2050322
36	62	6.2050322
64	42	6.20680855
42	64	6.20680855
53	83	6.209274017
83	53	6.209274017
22	1	6.210456637
1	22	6.210456637
47	73	6.211351744
73	47	6.211351744
63	45	6.211640893
45	63	6.211640893
71	36	6.212698837
36	71	6.212698837
62	33	6.213423905
33	62	6.213423905
53	30	6.214480889
30	53	6.214480889
21	41	6.221541417
41	21	6.221541417
82	54	6.221927711
54	82	6.221927711
22	48	6.225588843
48	22	6.225588843
21	45	6.2271929
45	21	6.2271929
70	33	6.22744607
33	70	6.22744607
62	32	6.22746378
32	62	6.22746378
22	43	6.228845339
43	22	6.228845339
63	47	6.229450071
47	63	6.229450071
41	73	6.230238709
73	41	6.230238709
61	45	6.231153884
45	61	6.231153884
56	82	6.23153333
82	56	6.23153333
22	46	6.232098955
46	22	6.232098955
56	81	6.232140995
81	56	6.232140995
25	54	6.232909284
54	25	6.232909284
71	33	6.235989111
33	71	6.235989111
80	55	6.240041149
55	80	6.240041149
24	1	6.241033254
1	24	6.241033254
62	40	6.243412737
40	62	6.243412737
83	55	6.243478937
55	83	6.243478937
52	85	6.246084005
85	52	6.246084005
64	48	6.246265671
48	64	6.246265671
80	52	6.248521733
52	80	6.248521733
41	72	6.257008439
72	41	6.257008439
24	51	6.260169477
51	24	6.260169477
71	32	6.263493529
32	71	6.263493529
70	32	6.266449222
32	70	6.266449222
53	81	6.267786634
81	53	6.267786634
45	73	6.268729304
73	45	6.268729304
61	47	6.269433128
47	61	6.269433128
60	35	6.274474993
35	60	6.274474993
47	72	6.275104097
72	47	6.275104097
63	44	6.275177532
44	63	6.275177532
56	86	6.27860526
86	56	6.27860526
30	54	6.281278575
54	30	6.281278575
20	33	6.281494999
33	20	6.281494999
21	36	6.28220238
36	21	6.28220238
83	52	6.282451119
52	83	6.282451119
84	43	6.285090511
43	84	6.285090511
53	82	6.286028692
82	53	6.286028692
44	73	6.287306003
73	44	6.287306003
60	31	6.291186166
31	60	6.291186166
40	71	6.291238816
71	40	6.291238816
70	35	6.292897378
35	70	6.292897378
50	85	6.294680146
85	50	6.294680146
62	35	6.295978026
35	62	6.295978026
23	43	6.2960779
43	23	6.2960779
21	44	6.299455663
44	21	6.299455663
20	41	6.29983244
41	20	6.29983244
40	70	6.304459887
70	40	6.304459887
61	44	6.305056792
44	61	6.305056792
84	46	6.305403241
46	84	6.305403241
71	35	6.308360504
35	71	6.308360504
45	72	6.30977849
72	45	6.30977849
23	47	6.310966118
47	23	6.310966118
56	30	6.314715701
30	56	6.314715701
81	55	6.315019616
55	81	6.315019616
85	51	6.31534948
51	85	6.31534948
20	35	6.31680219
35	20	6.31680219
56	25	6.317650285
25	56	6.317650285
80	51	6.319782968
51	80	6.319782968
52	24	6.323082222
24	52	6.323082222
82	55	6.324866594
55	82	6.324866594
20	45	6.325591303
45	20	6.325591303
20	34	6.326822905
34	20	6.326822905
52	81	6.329352065
81	52	6.329352065
60	86	6.329399804
86	60	6.329399804
23	46	6.329961287
46	23	6.329961287
62	31	6.33287961
31	62	6.33287961
60	34	6.33861581
34	60	6.33861581
44	72	6.339640809
72	44	6.339640809
64	41	6.344176371
41	64	6.344176371
22	51	6.345600733
51	22	6.345600733
70	34	6.345903576
34	70	6.345903576
50	24	6.346382541
24	50	6.346382541
50	83	6.34777642
83	50	6.34777642
60	25	6.349047034
25	60	6.349047034
23	48	6.350059143
48	23	6.350059143
82	52	6.35062655
52	82	6.35062655
83	51	6.350811588
51	83	6.350811588
70	31	6.350936785
31	70	6.350936785
50	80	6.351857423
80	50	6.351857423
62	34	6.354828827
34	62	6.354828827
21	42	6.35565216
42	21	6.35565216
71	31	6.356430442
31	71	6.356430442
84	48	6.359503407
48	84	6.359503407
71	34	6.363422123
34	71	6.363422123
86	54	6.364677534
54	86	6.364677534
84	42	6.369815835
42	84	6.369815835
73	36	6.379385783
36	73	6.379385783
63	36	6.381082585
36	63	6.381082585
63	33	6.382493666
33	63	6.382493666
80	43	6.383228775
43	80	6.383228775
53	86	6.385332012
86	53	6.385332012
63	32	6.386178325
32	63	6.386178325
63	40	6.389380265
40	63	6.389380265
61	40	6.393008757
40	61	6.393008757
86	55	6.394700278
55	86	6.394700278
81	51	6.395389854
51	81	6.395389854
53	24	6.395800747
24	53	6.395800747
20	36	6.396801287
36	20	6.396801287
61	32	6.398537771
32	61	6.398537771
86	87	6.400246046
87	86	6.400246046
24	55	6.402514798
55	24	6.402514798
61	33	6.403456435
33	61	6.403456435
20	44	6.403590885
44	20	6.403590885
52	22	6.405179203
22	52	6.405179203
21	47	6.409664731
47	21	6.409664731
73	33	6.409681641
33	73	6.409681641
61	36	6.410272339
36	61	6.410272339
64	47	6.410697317
47	64	6.410697317
62	25	6.412494572
25	62	6.412494572
60	30	6.413982565
30	60	6.413982565
64	45	6.414371306
45	64	6.414371306
82	51	6.415204582
51	82	6.415204582
24	54	6.415560636
54	24	6.415560636
85	43	6.415851152
43	85	6.415851152
50	22	6.415962693
22	50	6.415962693
50	81	6.417972835
81	50	6.417972835
20	42	6.420897483
42	20	6.420897483
85	46	6.423356641
46	85	6.423356641
50	82	6.424223428
82	50	6.424223428
80	46	6.424410251
46	80	6.424410251
23	51	6.425418753
51	23	6.425418753
72	36	6.431105743
36	72	6.431105743
83	43	6.436984952
43	83	6.436984952
21	43	6.438363488
43	21	6.438363488
73	32	6.440343032
32	73	6.440343032
25	71	6.447306203
71	25	6.447306203
72	33	6.452468672
33	72	6.452468672
52	86	6.452503083
86	52	6.452503083
25	70	6.452787299
70	25	6.452787299
80	42	6.453470444
42	80	6.453470444
62	30	6.453724358
30	62	6.453724358
83	46	6.455295181
46	83	6.455295181
63	35	6.455957177
35	63	6.455957177
21	46	6.457067521
46	21	6.457067521
64	44	6.45761978
44	64	6.45761978
81	43	6.458833565
43	81	6.458833565
85	48	6.462288329
48	85	6.462288329
21	48	6.463588253
48	21	6.463588253
73	35	6.464443392
35	73	6.464443392
40	73	6.468411891
73	40	6.468411891
70	30	6.470037555
30	70	6.470037555
53	22	6.471716463
22	53	6.471716463
50	86	6.473281822
86	50	6.473281822
22	55	6.473580126
55	22	6.473580126
72	32	6.474304253
32	72	6.474304253
52	23	6.474486008
23	52	6.474486008
71	30	6.475133755
30	71	6.475133755
61	35	6.479592205
35	61	6.479592205
63	31	6.482002861
31	63	6.482002861
25	1	6.48292819
1	25	6.48292819
82	43	6.487064664
43	82	6.487064664
80	48	6.487726667
48	80	6.487726667
84	41	6.488410227
41	84	6.488410227
60	24	6.48953954
24	60	6.48953954
85	42	6.492334678
42	85	6.492334678
81	46	6.493607442
46	81	6.493607442
40	72	6.493865223
72	40	6.493865223
22	54	6.495093653
54	22	6.495093653
61	31	6.497984684
31	61	6.497984684
84	47	6.498371686
47	84	6.498371686
20	43	6.499538356
43	20	6.499538356
83	48	6.501258468
48	83	6.501258468
20	47	6.504095634
47	20	6.504095634
63	34	6.507270747
34	63	6.507270747
86	51	6.507350403
51	86	6.507350403
73	34	6.508887112
34	73	6.508887112
83	42	6.509722879
42	83	6.509722879
72	35	6.509877964
35	72	6.509877964
82	46	6.51285634
46	82	6.51285634
73	31	6.513476058
31	73	6.513476058
50	23	6.514137192
23	50	6.514137192
56	24	6.516702288
24	56	6.516702288
81	42	6.525163325
42	81	6.525163325
20	46	6.52756401
46	20	6.52756401
61	34	6.531089652
34	61	6.531089652
84	45	6.532094736
45	84	6.532094736
53	23	6.537949076
23	53	6.537949076
63	25	6.541373635
25	63	6.541373635
23	54	6.541506103
54	23	6.541506103
40	1	6.541811372
1	40	6.541811372
20	48	6.542339649
48	20	6.542339649
64	36	6.543818651
36	64	6.543818651
21	51	6.545239976
51	21	6.545239976
61	25	6.547119936
25	61	6.547119936
81	48	6.549902247
48	81	6.549902247
72	31	6.550727234
31	72	6.550727234
64	33	6.552389037
33	64	6.552389037
23	55	6.552717513
55	23	6.552717513
84	44	6.553680486
44	84	6.553680486
82	42	6.554098173
42	82	6.554098173
72	34	6.554283008
34	72	6.554283008
64	32	6.560852654
32	64	6.560852654
80	41	6.56170031
41	80	6.56170031
82	48	6.562127527
48	82	6.562127527
62	24	6.562964789
24	62	6.562964789
64	40	6.566889279
40	64	6.566889279
60	22	6.568581906
22	60	6.568581906
56	22	6.579200655
22	56	6.579200655
85	47	6.58193249
47	85	6.58193249
1	30	6.582196604
30	1	6.582196604
63	30	6.586250787
30	63	6.586250787
60	23	6.58716215
23	60	6.58716215
52	21	6.591380685
21	52	6.591380685
86	46	6.596403635
46	86	6.596403635
85	41	6.597554144
41	85	6.597554144
25	73	6.598291568
73	25	6.598291568
87	85	6.598419729
85	87	6.598419729
86	43	6.598683794
43	86	6.598683794
61	30	6.599537983
30	61	6.599537983
24	71	6.602401726
71	24	6.602401726
20	51	6.606714349
51	20	6.606714349
64	35	6.610937015
35	64	6.610937015
83	41	6.613633386
41	83	6.613633386
24	70	6.614749206
70	24	6.614749206
50	21	6.614769375
21	50	6.614769375
83	87	6.614926067
87	83	6.614926067
73	30	6.615638752
30	73	6.615638752
82	87	6.618154667
87	82	6.618154667
80	47	6.618248376
47	80	6.618248376
1	32	6.618544725
32	1	6.618544725
86	48	6.620746295
48	86	6.620746295
83	47	6.621742553
47	83	6.621742553
80	45	6.622065377
45	80	6.622065377
25	72	6.624898002
72	25	6.624898002
84	36	6.626484779
36	84	6.626484779
81	41	6.626616894
41	81	6.626616894
85	45	6.628182117
45	85	6.628182117
62	22	6.633313998
22	62	6.633313998
1	31	6.633762976
31	1	6.633762976
85	44	6.638872991
44	85	6.638872991
64	31	6.638886197
31	64	6.638886197
84	33	6.646933063
33	84	6.646933063
52	20	6.64771761
20	52	6.64771761
53	21	6.647834362
21	53	6.647834362
72	30	6.649469606
30	72	6.649469606
56	23	6.652902407
23	56	6.652902407
83	45	6.653348445
45	83	6.653348445
82	41	6.653478505
41	82	6.653478505
64	34	6.653529852
34	64	6.653529852
21	55	6.656034365
55	21	6.656034365
21	54	6.657341608
54	21	6.657341608
80	44	6.657748077
44	80	6.657748077
61	24	6.660967522
24	61	6.660967522
86	42	6.663858568
42	86	6.663858568
63	24	6.664316846
24	63	6.664316846
84	32	6.665955555
32	84	6.665955555
62	23	6.666565782
23	62	6.666565782
22	71	6.667852303
71	22	6.667852303
81	47	6.671504216
47	81	6.671504216
83	44	6.67189151
44	83	6.67189151
22	70	6.677167301
70	22	6.677167301
87	81	6.679095289
81	87	6.679095289
82	47	6.679118636
47	82	6.679118636
50	20	6.680413998
20	50	6.680413998
81	45	6.680639248
45	81	6.680639248
84	40	6.681478471
40	84	6.681478471
41	1	6.682493029
1	41	6.682493029
84	35	6.692795233
35	84	6.692795233
64	25	6.694673937
25	64	6.694673937
1	33	6.698809824
33	1	6.698809824
82	45	6.699165168
45	82	6.699165168
53	20	6.701352801
20	53	6.701352801
85	36	6.702146893
36	85	6.702146893
20	54	6.703295512
54	20	6.703295512
60	21	6.705081076
21	60	6.705081076
23	71	6.709085191
71	23	6.709085191
87	84	6.710192543
84	87	6.710192543
81	44	6.711366885
44	81	6.711366885
20	55	6.713928481
55	20	6.713928481
86	47	6.716469791
47	86	6.716469791
45	1	6.717156101
1	45	6.717156101
82	44	6.722985704
44	82	6.722985704
1	35	6.725239594
35	1	6.725239594
23	70	6.726239553
70	23	6.726239553
85	33	6.727698174
33	85	6.727698174
80	36	6.728501547
36	80	6.728501547
61	22	6.728694072
22	61	6.728694072
84	31	6.728868016
31	84	6.728868016
84	34	6.729019407
34	84	6.729019407
64	30	6.729189272
30	64	6.729189272
63	22	6.730424167
22	63	6.730424167
1	34	6.732530964
34	1	6.732530964
80	87	6.735475755
87	80	6.735475755
80	33	6.73608919
33	80	6.73608919
24	73	6.736178605
73	24	6.736178605
83	36	6.736240272
36	83	6.736240272
61	23	6.738327484
23	61	6.738327484
60	20	6.738703516
20	60	6.738703516
80	32	6.742162482
32	80	6.742162482
80	40	6.744856292
40	80	6.744856292
56	21	6.746195098
21	56	6.746195098
63	23	6.748250462
23	63	6.748250462
85	32	6.751000517
32	85	6.751000517
86	41	6.752491434
41	86	6.752491434
24	72	6.752906197
72	24	6.752906197
83	33	6.755524593
33	83	6.755524593
42	1	6.76077222
1	42	6.76077222
85	35	6.765651022
35	85	6.765651022
85	40	6.770229954
40	85	6.770229954
86	45	6.770982176
45	86	6.770982176
86	44	6.771732816
44	86	6.771732816
62	21	6.772057551
21	62	6.772057551
83	32	6.77277861
32	83	6.77277861
81	36	6.777536899
36	81	6.777536899
1	36	6.777836569
36	1	6.777836569
44	1	6.778291425
1	44	6.778291425
80	35	6.784951098
35	80	6.784951098
83	40	6.786200903
40	83	6.786200903
82	36	6.786286639
36	82	6.786286639
81	33	6.787139131
33	81	6.787139131
84	25	6.791792882
25	84	6.791792882
22	73	6.792958698
73	22	6.792958698
81	32	6.794917804
32	81	6.794917804
83	35	6.796218583
35	83	6.796218583
85	34	6.797391104
34	85	6.797391104
81	40	6.799111813
40	81	6.799111813
56	20	6.799797248
20	56	6.799797248
82	33	6.800505085
33	82	6.800505085
64	24	6.802974837
24	64	6.802974837
85	31	6.804567604
31	85	6.804567604
21	71	6.807745888
71	21	6.807745888
80	31	6.808432515
31	80	6.808432515
62	20	6.809581755
20	62	6.809581755
22	72	6.810598013
72	22	6.810598013
84	30	6.812147886
30	84	6.812147886
82	32	6.812699344
32	82	6.812699344
43	1	6.817140174
1	43	6.817140174
21	70	6.820570775
70	21	6.820570775
80	34	6.820691165
34	80	6.820691165
82	40	6.821144147
40	82	6.821144147
86	36	6.823131839
36	86	6.823131839
83	34	6.828606575
34	83	6.828606575
83	31	6.829425211
31	83	6.829425211
23	73	6.831168488
73	23	6.831168488
81	35	6.832268467
35	81	6.832268467
23	72	6.840684671
72	23	6.840684671
64	87	6.840951879
87	64	6.840951879
82	35	6.842170595
35	82	6.842170595
61	21	6.842280916
21	61	6.842280916
20	71	6.847498854
71	20	6.847498854
46	1	6.848459197
1	46	6.848459197
47	1	6.848487924
1	47	6.848487924
87	72	6.848801593
72	87	6.848801593
63	21	6.849384797
21	63	6.849384797
87	73	6.851796479
73	87	6.851796479
86	33	6.852168224
33	86	6.852168224
80	25	6.853910397
25	80	6.853910397
81	31	6.85663634
31	81	6.85663634
64	22	6.860579208
22	64	6.860579208
20	70	6.863084411
70	20	6.863084411
81	34	6.86582158
34	81	6.86582158
1	48	6.867249572
48	1	6.867249572
61	20	6.868113531
20	61	6.868113531
85	25	6.868946327
25	85	6.868946327
82	31	6.870326083
31	82	6.870326083
82	34	6.87422601
34	82	6.87422601
64	23	6.876180651
23	64	6.876180651
86	32	6.87820195
32	86	6.87820195
63	20	6.878525459
20	63	6.878525459
86	35	6.881078952
35	86	6.881078952
85	30	6.88180309
30	85	6.88180309
80	30	6.885109941
30	80	6.885109941
83	25	6.886431638
25	83	6.886431638
86	40	6.899736894
40	86	6.899736894
84	24	6.899816437
24	84	6.899816437
1	51	6.902109062
51	1	6.902109062
25	81	6.902129775
81	25	6.902129775
83	30	6.905028016
30	83	6.905028016
86	34	6.907160075
34	86	6.907160075
21	73	6.918680785
73	21	6.918680785
82	25	6.920259544
25	82	6.920259544
86	31	6.920991755
31	86	6.920991755
52	1	6.929454589
1	52	6.929454589
21	72	6.929796287
72	21	6.929796287
81	30	6.930001586
30	81	6.930001586
82	30	6.942963669
30	82	6.942963669
80	24	6.94347532
24	80	6.94347532
87	70	6.944036648
70	87	6.944036648
63	87	6.948724596
87	63	6.948724596
84	22	6.950317313
22	84	6.950317313
20	73	6.954641456
73	20	6.954641456
87	71	6.958417195
71	87	6.958417195
1	54	6.962053215
54	1	6.962053215
20	72	6.962165858
72	20	6.962165858
50	1	6.965608153
1	50	6.965608153
64	21	6.965948598
21	64	6.965948598
53	1	6.969808417
1	53	6.969808417
61	87	6.970718035
87	61	6.970718035
84	23	6.973464756
23	84	6.973464756
60	1	6.973697847
1	60	6.973697847
85	24	6.973767101
24	85	6.973767101
86	25	6.984088297
25	86	6.984088297
83	24	6.984281196
24	83	6.984281196
1	55	6.985015026
55	1	6.985015026
24	81	6.989154863
81	24	6.989154863
86	30	6.989472407
30	86	6.989472407
64	20	6.99134231
20	64	6.99134231
62	87	6.994339966
87	62	6.994339966
80	22	6.994492806
22	80	6.994492806
80	23	7.00284975
23	80	7.00284975
82	24	7.010313249
24	82	7.010313249
56	87	7.010393492
87	56	7.010393492
85	22	7.019634164
22	85	7.019634164
83	22	7.031077174
22	83	7.031077174
81	22	7.037719594
22	81	7.037719594
62	1	7.038438713
1	62	7.038438713
85	23	7.045696767
23	85	7.045696767
81	23	7.04683567
23	81	7.04683567
83	23	7.050677608
23	83	7.050677608
56	1	7.051124294
1	56	7.051124294
84	21	7.053047613
21	84	7.053047613
82	22	7.057018309
22	82	7.057018309
60	87	7.058597326
87	60	7.058597326
61	1	7.069124121
1	61	7.069124121
82	23	7.070645802
23	82	7.070645802
87	54	7.071686594
54	87	7.071686594
87	55	7.072756444
55	87	7.072756444
1	71	7.073505692
71	1	7.073505692
53	87	7.075071352
87	53	7.075071352
84	20	7.079959278
20	84	7.079959278
86	24	7.082092317
24	86	7.082092317
63	1	7.083512333
1	63	7.083512333
80	21	7.083754942
21	80	7.083754942
1	70	7.090479761
70	1	7.090479761
80	20	7.103476565
20	80	7.103476565
50	87	7.106458715
87	50	7.106458715
52	87	7.110192308
87	52	7.110192308
85	21	7.118706485
21	85	7.118706485
86	22	7.122162857
22	86	7.122162857
81	21	7.124198148
21	81	7.124198148
83	21	7.125167218
21	83	7.125167218
87	51	7.137201259
51	87	7.137201259
81	20	7.143513015
20	81	7.143513015
82	21	7.14518304
21	82	7.14518304
85	20	7.145720272
20	85	7.145720272
83	20	7.149217445
20	83	7.149217445
86	23	7.149966181
23	86	7.149966181
1	73	7.159221889
73	1	7.159221889
1	72	7.160195574
72	1	7.160195574
82	20	7.166195393
20	82	7.166195393
64	1	7.173774377
1	64	7.173774377
87	46	7.184100885
46	87	7.184100885
87	48	7.189933545
48	87	7.189933545
87	43	7.191836679
43	87	7.191836679
86	21	7.214719653
21	86	7.214719653
87	42	7.228866725
42	87	7.228866725
87	47	7.236192286
47	87	7.236192286
86	20	7.240988686
20	86	7.240988686
84	1	7.253596347
1	84	7.253596347
80	1	7.261197581
1	80	7.261197581
87	44	7.274452329
44	87	7.274452329
87	41	7.279293581
41	87	7.279293581
87	45	7.282996964
45	87	7.282996964
81	1	7.295737906
1	81	7.295737906
87	36	7.300148942
36	87	7.300148942
83	1	7.309625462
1	83	7.309625462
85	1	7.311709009
1	85	7.311709009
82	1	7.319090797
1	82	7.319090797
87	33	7.325447097
33	87	7.325447097
87	35	7.337474028
35	87	7.337474028
87	32	7.347663953
32	87	7.347663953
87	34	7.350769217
34	87	7.350769217
87	40	7.365927748
40	87	7.365927748
87	31	7.368914815
31	87	7.368914815
86	1	7.395262462
1	86	7.395262462
87	30	7.411798159
30	87	7.411798159
87	25	7.415983026
25	87	7.415983026
87	24	7.485048231
24	87	7.485048231
87	22	7.510450176
22	87	7.510450176
87	23	7.53412694
23	87	7.53412694
87	21	7.577187443
21	87	7.577187443
87	20	7.597364726
20	87	7.597364726
87	1	7.709690181
1	87	7.709690181
